218 088 088 101 101 109 109 104 104 128 128 139 139 146 146 142 142 157 157 160 160 220 220 288 288 307 307 313 313
242 088 091 103 103 106 112 104 104 128 135 139 141 146 146 142 142 157 151 154 154 220 218 288 284 307 307 313 313
243 088 091 101 105 106 112 104 104 122 127 135 135 146 148 142 142 157 154 160 166 220 218 288 284 307 307 313 317
171 088 088 101 101 109 106 104 104 135 134 141 135 146 146 133 133 160 160 154 170 213 213 284 284 307 310 313 315
172 088 091 101 105 106 112 104 106 128 126 139 135 146 146 142 142 157 160 154 154 218 218 288 284 307 310 313 315
173 088 088 103 105 109 106 104 104 128 128 135 135 146 146 142 142 151 160 154 154 218 218 288 286 307 310 313 313
174 088 091 101 103 106 112 104 102 128 134 139 135 148 148 142 142 151 154 163 169 213 213 284 284 307 307 313 313
192 088 091 101 101 109 106 104 104 128 126 139 135 146 148 142 142 157 151 160 166 213 221 288 292 307 307 313 313
K32 088 088 101 101 109 109 104 110 128 128 139 139 146 148 142 145 151 154 160 154 218 229 288 290 307 307 313 315
216 088 088 101 101 109 109 104 104 128 128 135 135 146 146 145 145 160 160 142 142 220 220 288 288 307 307 309 309
217 088 088 101 101 112 112 104 104 127 127 135 135 146 146 145 145 175 175 160 160 220 220 288 288 307 307 313 313
121 088 088 101 101 106 106 102 102 159 159 141 141 148 148 142 142 166 166 160 160 218 218 284 284 307 307 313 313
K27 091 091 101 101 109 109 104 104 135 126 139 135 146 146 142 142 157 151 154 154 218 216 284 284 307 304 313 313
K28 088 088 101 101 109 106 104 104 128 127 141 135 146 146 142 142 157 157 154 166 213 229 288 288 307 310 313 313
K29 091 091 101 101 109 109 104 104 128 126 139 139 146 146 142 142 157 157 154 163 218 213 288 284 307 307 313 313
K04 088 088 101 099 106 112 104 106 128 128 135 143 146 146 142 142 157 157 160 160 213 231 288 286 307 313 313 313
111 088 091 103 103 106 106 104 104 128 126 135 135 146 148 142 142 154 160 154 166 218 230 288 284 307 307 313 313
112 088 091 101 103 109 106 104 104 128 128 139 139 146 146 142 142 157 151 160 154 213 219 284 284 307 310 313 313
248 088 088 103 103 112 112 104 104 128 128 135 135 146 146 145 145 157 154 154 154 218 230 284 284 307 307 321 321
255 091 091 101 101 112 112 104 104 126 126 135 135 146 146 142 142 157 157 163 163 234 234 284 284 307 307 313 313
257 088 088 103 099 109 112 104 104 135 126 141 135 146 148 145 145 157 151 154 154 218 225 288 288 307 307 315 315
262 088 088 101 101 109 106 104 104 128 128 141 135 148 148 145 145 154 154 163 163 218 238 284 284 307 307 313 313
H01 088 091 101 105 109 109 104 104 135 125 139 141 146 146 142 142 157 151 160 166 218 222 284 284 307 310 313 313
H02 088 085 101 101 109 109 104 104 127 127 139 143 146 146 142 142 157 160 154 163 218 218 284 284 307 307 313 313
202 088 088 101 101 109 112 106 106 128 128 135 135 146 148 142 142 151 154 154 163 218 213 284 284 307 307 313 315
K33 088 091 101 101 109 106 104 106 128 128 139 141 146 146 142 145 157 160 154 154 213 225 284 290 307 307 313 313
K34 088 088 101 103 112 112 104 106 128 131 139 147 148 148 142 145 157 160 154 154 218 229 288 282 307 307 313 315
K35 088 088 101 101 109 112 104 104 128 128 139 135 146 146 142 145 157 160 154 163 220 229 284 284 307 313 315 319
K36 088 088 101 101 106 106 104 104 128 127 139 141 146 146 142 142 157 157 166 163 213 229 288 290 307 307 313 315
K37 088 094 099 099 106 106 104 104 128 135 139 139 146 146 142 133 157 153 154 163 213 231 288 288 307 307 313 315
222 088 088 101 103 109 112 104 104 128 128 135 135 146 146 142 142 154 160 154 183 220 221 284 284 307 307 313 313
224 088 088 101 101 112 112 104 104 159 159 139 139 154 154 142 142 154 154 154 154 218 218 284 284 304 304 313 313
226 088 091 101 103 106 106 104 102 128 126 141 135 146 152 142 145 157 163 160 160 213 234 284 284 307 307 313 313
290 088 088 105 105 109 109 104 104 135 135 139 139 146 146 142 142 151 151 160 160 219 219 288 288 304 304 313 313
291 088 088 101 101 109 106 104 110 128 126 139 135 146 146 145 145 157 157 160 166 230 234 288 284 307 310 313 313
114 088 088 101 099 109 115 104 104 128 127 139 139 146 146 142 145 157 154 160 163 218 218 288 284 307 307 313 313
012 088 091 101 105 109 112 104 106 128 122 139 143 146 146 142 142 157 151 160 154 227 227 284 284 310 310 313 309
013 088 088 101 101 109 109 104 104 128 128 141 141 146 146 133 133 151 151 163 163 213 213 288 288 307 307 313 313
022 088 088 101 105 106 112 104 104 128 128 141 135 146 150 142 145 157 160 154 163 218 232 288 288 307 310 313 313
015 088 091 103 103 109 115 104 104 128 127 139 135 146 148 142 142 157 160 154 166 218 234 284 290 307 307 313 313
017 085 085 101 101 106 106 104 104 128 128 135 135 146 146 142 142 151 151 154 154 229 229 288 288 310 310 311 311
018 088 088 101 101 112 112 106 106 128 128 139 139 146 146 142 142 157 157 163 163 218 218 284 284 307 307 313 313
294 088 088 101 101 109 112 104 110 128 128 139 135 146 148 142 145 157 157 160 154 220 218 284 284 307 307 313 313
237 088 088 101 101 112 112 104 104 127 127 141 141 146 146 142 142 157 157 154 154 217 217 284 284 310 310 313 313
270 088 094 101 101 109 112 104 106 128 128 141 135 146 148 142 142 157 154 154 154 220 231 284 284 310 310 313 313
199 085 085 103 103 109 109 104 104 135 135 135 135 146 146 145 145 157 157 154 154 220 220 288 288 307 307 315 315
188 088 088 101 103 109 109 104 106 128 126 139 139 146 146 142 142 157 160 154 163 221 219 286 286 307 307 313 317
116 088 088 101 101 106 106 104 110 128 134 139 139 146 146 145 145 157 154 160 154 220 220 284 283 310 313 313 313
115 088 088 101 101 109 109 104 104 126 126 139 139 146 146 142 142 157 157 160 160 222 222 288 288 304 304 313 313
283 088 088 101 103 109 109 104 106 128 135 141 135 146 148 142 142 160 160 160 163 220 218 284 290 307 307 313 313
287 088 088 101 101 109 109 104 104 120 120 139 139 150 150 139 139 154 154 160 160 229 229 288 288 307 307 313 313
288 088 088 101 101 106 112 104 104 128 127 141 141 146 148 142 142 154 160 154 154 218 213 284 284 307 307 313 317
106 088 088 101 099 109 112 104 104 128 159 139 139 148 148 142 142 154 163 154 166 218 213 288 284 307 307 313 313
107 088 088 101 101 106 112 104 104 128 122 141 135 146 150 142 142 157 151 160 163 213 221 288 288 310 310 317 317
108 088 088 101 103 109 112 104 106 135 159 139 135 146 146 142 142 157 154 160 160 218 213 284 284 307 310 313 317
105 088 088 101 107 106 106 104 104 135 122 141 135 148 148 142 145 151 154 160 154 221 221 288 286 307 307 313 313
189 088 088 105 105 106 106 104 104 125 125 139 139 148 148 142 142 157 157 154 154 213 213 284 284 307 307 313 313
190 088 088 101 101 106 106 104 104 128 128 135 135 150 150 142 142 154 154 160 160 218 218 284 284 313 313 315 315
204 088 088 103 103 109 109 104 104 134 134 135 135 146 146 142 142 151 151 163 163 231 231 282 282 286 286 311 311
205 088 088 101 103 109 109 104 106 128 134 139 135 146 146 142 142 151 151 154 163 218 231 286 282 307 307 311 311
F27 088 088 101 101 109 109 104 104 128 128 139 139 146 146 142 142 157 157 154 154 222 222 284 284 307 307 313 313
KX-N006 088 088 101 101 109 109 104 104 128 128 139 139 146 146 142 142 160 160 154 154 220 220 284 284 307 307 313 313
KX-N007 088 088 101 101 109 109 104 104 128 128 139 141 146 146 142 142 160 160 154 154 220 222 284 284 307 307 313 313
KX-N009 088 088 101 101 109 109 104 104 128 128 139 141 146 146 142 142 160 160 154 166 220 220 284 284 307 310 313 313
Tohoku-N123 088 088 101 101 109 109 104 104 128 128 139 141 146 146 142 142 157 160 154 154 222 222 284 284 307 307 313 313
Tohoku-N127 088 088 101 101 109 109 104 104 128 128 139 141 146 146 142 142 157 160 154 166 220 222 284 284 307 310 313 313
Tohoku-N103 094 094 101 103 112 112 104 104 128 126 139 139 146 146 142 142 157 157 166 163 229 229 288 288 307 310 313 313
KX-N109 088 088 101 101 109 106 104 104 134 134 141 135 146 146 133 133 160 160 154 169 213 213 284 284 307 310 313 315
N245 088 088 101 101 109 109 104 104 128 128 139 141 146 146 142 142 157 160 154 166 222 222 284 284 307 310 313 313
Fukushima-N1 088 088 101 101 109 109 104 104 128 128 139 141 146 146 142 142 157 160 154 154 220 222 284 284 307 310 313 313
Fukushima-N2 088 088 101 103 109 109 104 104 128 134 141 135 146 146 142 142 157 151 154 163 231 222 282 282 307 307 311 311
KM-88 088 094 101 103 109 112 104 104 128 132 139 139 146 146 142 145 157 157 154 166 220 229 288 284 307 307 313 313
K38 088 094 101 101 109 112 104 104 128 128 139 141 146 146 142 142 157 160 154 166 220 229 288 284 307 307 313 313
